%YAML:1.0
CameraExtrinsicMat: !!opencv-matrix
   rows: 4
   cols: 4
   dt: d
   data: [0.9621270983263286, -0.134563644180022, 0.2370739807130921, -0.1188037273289287,
         0.03735782766443203, 0.9265537080470901, 0.3743028437193366, -0.7526736729061527,
         -0.270029330589019, -0.351270340007778, 0.8964894359960223, 0.01170877469156067,
          0., 0., 0., 1. ]
CameraMat: !!opencv-matrix
   rows: 3
   cols: 3
   dt: d
   data: [1397.215634, 0.000000, 953.296539,
          0.000000, 1400.424753, 604.448989,
          0.000000, 0.000000, 1.000000]
DistCoeff: !!opencv-matrix
   rows: 1
   cols: 5
   dt: d
   data: [ -0.166425, 0.087512, -0.000929, 0.000315, 0.000000]
ImageSize: [ 1920, 1200 ]


